0
5
28
4
1
23
11
8
8
21
21
22
25
1
18
19
6
0
12
2
22
13
25
27
7
2
4
0
14
9
4
19
22
24
20
5
21
0
17
2
17
7
15
26
21
11
10
4
1
3
6
14
5
4
22
18
3
14
-1
19
9
25
26
0
28
6
14
0
15
2
26
24
16
18
2
17
28
19
12
27
28
12
27
0
7
1
28
12
0
2
5
19
12
3
23
14
3
26
18
0
21
9
22
17
25
13
7
4
22
6
12
4
24
21
5
23
9
11
23
2
16
6
24
11
3
26
6
4
7
14
27
22
19
0
24
3
7
25
23
2
22
21
12
18
20
23
13
21
0
13
15
27
14
23
21
23
20
26
26
19
27
17
22
5
24
7
5
0
24
10
0
3
18
0
10
7
15
14
12
11
21
12
10
18
14
4
2
27
17
23
14
18
19
18
11
27
4
2
7
9
24
3
4
10
13
28
10
0
5
19
0
3
26
24
22
24
0
0
10
25
18
7
-1
2
24
4
12
1
26
25
15
9
15
17
20
25
4
14
15
-1
-1
18
13
0
1
15
0
0
11
10
22
20
19
4
28
10
11
6
19
28
28
18
22
21
28
-1
17
4
0
4
-1
24
27
16
25
-1
10
7
0
23
3
0
24
1
1
2
4
26
6
2
-1
12
14
10
13
20
19
19
16
16
16
0
3
9
23
16
14
20
5
20
12
6
22
10
24
17
8
9
11
14
14
3
23
3
1
25
18
20
3
1
24
-1
-1
28
0
9
0
10
4
16
9
12
20
15
13
28
11
19
14
19
21
-1
9
4
10
10
5
-1
16
4
12
14
18
18
8
15
4
22
6
6
-1
5
0
28
28
5
10
24
15
21
20
24
18
24
27
24
22
17
6
16
0
18
19
19
23
20
1
24
16
2
17
23
26
20
16
22
17
23
27
28
21
14
0
0
25
3
11
3
23
4
13
-1
23
27
4
25
12
7
12
16
25
0
23
17
9
16
24
28
11
24
12
20
18
15
9
20
2
0
18
23
6
3
15
12
7
24
20
1
5
19
0
20
26
0
27
17
1
17
16
26
25
0
0
26
13
2
24
18
8
28
20
-1
12
11
-1
6
11
25
0
20
17
20
21
24
12
0
-1
-1
14
14
8
6
17
22
21
23
6
11
5
1
23
15
26
3
0
3
0
11
22
10
16
0
10
17
27
10
1
4
12
6
24
25
0
3
10
19
26
18
24
19
-1
16
0
17
26
11
0
14
22
17
6
21
14
14
16
25
22
16
20
26
24
14
23
16
24
21
0
15
22
3
12
26
28
12
17
8
7
23
0
14
14
1
12
1
26
27
16
13
4
28
18
16
0
1
20
6
24
25
21
20
12
13
10
20
-1
0
27
22
1
4
19
0
8
8
22
27
8
26
7
11
5
-1
22
21
18
11
9
0
14
0
17
5
27
10
27
9
0
0
2
23
26
27
14
13
27
7
15
10
18
17
27
9
25
1
4
9
6
28
17
19
2
24
15
22
16
14
17
3
14
23
6
21
28
15
2
7
24
14
12
9
23
24
21
16
25
18
19
16
15
18
26
21
12
0
5
12
18
2
17
0
22
10
9
26
17
14
2
21
14
3
4
4
11
9
0
8
24
14
0
14
5
11
7
1
19
20
10
-1
7
0
16
7
27
11
14
-1
-1
20
27
9
6
11
14
12
26
3
21
2
24
22
0
8
10
1
11
27
21
28
11
8
16
14
11
24
22
14
5
24
0
16
9
1
23
27
3
28
15
15
17
15
23
13
1
22
0
8
0
11
24
10
5
28
27
28
19
13
4
22
0
11
15
1
21
0
15
26
17
1
9
25
12
4
20
27
22
18
0
0
20
9
26
6
2
7
20
11
24
11
20
16
12
0
23
17
5
12
25
0
12
10
7
0
28
27
14
0
3
19
25
0
12
10
24
13
7
14
3
9
2
5
4
16
22
-1
1
28
2
21
21
27
13
8
26
20
3
7
21
2
18
23
9
18
3
0
19
15
5
2
14
-1
15
26
26
1
26
2
22
1
28
25
15
20
26
11
27
12
28
5
-1
17
24
7
27
-1
24
14
28
19
15
19
9
17
24
1
22
15
16
26
9
18
3
5
4
24
17
13
11
10
27
1
-1
11
27
18
17
5
8
4
14
9
4
20
5
1
3
24
0
11
14
19
0
24
18
6
12
7
-1
5
27
20
13
24
17
4
1
6
28
1
2
-1
13
0
13
21
15
0
22
11
28
0
6
3
10
26
2
22
18
22
22
-1
0
0
2
13
12
3
5
15
12
23
18
5
14
8
25
0
22
16
26
5
21
4
24
5
5
8
27
10
7
16
8
28
2
10
2
22
7
25
28
14
1
0
12
16
2
21
18
27
19
3
28
11
0
8
0
22
24
16
1
27
11
4
26
7
10
25
6
7
3
16
26
4
2
9
-1
12
17
20
-1
0
2
22
2
6
11
17
19
4
14
4
14
21
24
13
12
22
27
3
26
13
15
9
3
14
4
21
18
12
27
-1
10
10
23
4
25
1
27
26
8
16
0
22
18
12
18
1
14
19
16
0
11
8
15
0
28
15
16
9
14
5
26
22
-1
19
12
25
0
8
14
-1
24
21
27
18
0
15
6
1
10
20
9
0
22
25
24
1
22
23
26
22
2
7
20
25
15
4
4
12
3
27
-1
4
2
0
6
10
17
2
8
18
14
9
17
16
4
7
10
18
13
23
20
2
0
18
16
4
12
16
2
8
15
24
21
0
19
20
10
24
17
15
4
9
8
14
7
1
12
0
17
-1
25
1
24
22
14
28
25
14
-1
1
10
18
10
-1
12
18
0
